cd 6422264 2001960792 12913427918760887000000000000000000.00
"c:\Users\Aloukik\Desktop\" 6422264 2001960792 12913427918760887000000000000000000.00
; 6422264 2001960792 12913427918760887000000000000000000.00
if 6422264 2001960792 12913427918760887000000000000000000.00
($?) 6422264 2001960792 12913427918760887000000000000000000.00
{ 6422264 2001960792 12913427918760887000000000000000000.00
gcc 6422264 2001960792 12913427918760887000000000000000000.00
lab_evaluation.c 6422264 2001960792 12913427918760887000000000000000000.00
o 6422264 2001960792 12913427918760887000000000000000000.00
lab_evaluation 6422264 2001960792 12913427918760887000000000000000000.00
} 6422264 2001960792 12913427918760887000000000000000000.00
; 6422264 2001960792 12913427918760887000000000000000000.00
if 6422264 2001960792 12913427918760887000000000000000000.00
($?) 6422264 2001960792 12913427918760887000000000000000000.00
{ 6422264 2001960792 12913427918760887000000000000000000.00
.\lab_evaluation 6422264 2001960792 12913427918760887000000000000000000.00
Aloukik -1097262572 1054453699 0.000000
